range of lambda: 1e-06 : 1546318920731992.0
lambda: 0.47723485033045526
MSE: 0.6384348472907451
